89 -90
-10 8
-1 1
-100 99
-50 49
-1 -99
-50 -50
-123456789012345678901234567890 123456789012345678901234567890
-1000000000000000000000000000000 999999999999999999999999999999
-1000000000000000000000000000001 1000000000000000000000000000000
-999 1000
-1000000000000000000000000000000 999999999999999999999999999999
0 0
-75 -75
-9 -19
-19 9
-2 1
9876543210 -1234567890 
-12 -23
-23 12
0 -11
99 -100
-12345 -12345
60 -40

999999999 -1000000000
-1 0
0 -1

-11 19
19 -11
11 -19
-19 11
-11 11
11 -11
999999999 -1000000000


123456789123456789123456789 987654321987654321987654321
1099511627776 1073741824
999 1
